image: map.pgm
resolution: 0.050000
# origin: [0, 0, 0]
origin: [-113.000000, -109.250000, 0.000000]
negate: 0
occupied_thresh: 0.20
free_thresh: 0.196
