image: map.pgm
resolution: 0.050000
origin: [-40.000000, -9.100000, 0.000000]
negate: 0
occupied_thresh: 0.20
free_thresh: 0.196
